41.994,27.406,0.7162,-4.9773,9.9359,-39.541,10.898,15.331
-25.3,4.8389,15.913,-21.587,-26.001,26.017,-5.438,-37.928
-29.382,9.6822,8.528,-36.327,-3.5326,12.883,-13.394,32.208
-28.796,-20.408,35.9,-3.3424,29.761,-8.8686,29.888,-26.343
-34.878,7.232,0.50449,-3.2648,-10.536,19.291,33.248,-10.482
13.333,3.5482,-24.552,-18.822,-6.1799,-2.337,-6.1156,17.041
41.196,15.969,14.678,-33.612,29.91,-39.269,-9.7648,26.376
61.699,-17.281,16.957,-9.5484,-2.2806,27.655,-10.496,-0.47301
5.9327,-18.811,2.0254,-3.6501,-17.387,-5.372,-20.281,10.198
-25.443,-1.5012,4.2706,-37.874,-22.18,-16.454,1.6332,-8.5886
37.006,27.518,-37.067,13.268,-13.11,14.061,-1.0557,-22.087
-32.413,17.086,-9.0406,-14.956,17.226,5.8259,10.426,-13.089
29.308,-28.587,15.58,-10.458,1.6037,38.87,16.826,-7.5689
-53.003,-2.48,-0.85471,-1.7539,1.5647,17.345,-0.10135,9.2275
-28.535,16.093,-4.9754,5.3263,4.7871,-4.911,31.932,-1.091
-24.835,-4.7283,4.7007,-36.056,-7.1404,8.115,-16.424,36.68
-27.78,30.569,21.253,-27.733,-16.312,-1.6951,-0.53447,-5.677
-36.75,0.94192,23.508,-11.879,-20.597,-11.967,-18.649,20.107
-6.0582,-20.699,18.512,-14.89,42.722,4.4728,50.755,-1.4288
-48.122,26.71,2.5164,-13.639,10.625,-13.745,-4.6062,0.94417
-49.725,23.086,3.5536,-18.966,12.625,-20.497,2.552,4.378
19.193,7.4746,-38.028,-42.946,-37.461,-17.739,2.5114,-6.3778
-4.7581,20.204,33.321,-26.475,-41.381,9.7935,-4.166,-23.585
-14.714,-24.044,28.044,-9.2243,34.519,-5.7019,34.721,-12.112
32.259,13.522,-49.303,-37.659,-40.145,-9.5734,-0.24801,5.4503
53.381,36.431,-16.507,-13.301,15.885,-30.334,-0.09906,17.999
45.776,-35.815,13.196,-11.45,-10.27,35.67,-0.26464,4.0266
-45.883,15.992,9.0845,14.201,-11.23,10.425,-12.046,16.264
-30.723,22.941,-6.9433,-8.4468,22.668,1.7622,5.8306,-4.6072
-9.9743,-2.5495,30.778,-19.316,-40.421,25.511,5.0071,-15.556
-13.413,7.3998,-3.2225,-15.978,5.3095,9.6703,-3.1882,-8.7244
-51.425,29.068,-7.9777,-7.0502,27.786,-0.13801,-8.5853,4.606
44.93,-35.749,22.873,-7.9679,9.5585,33.711,13,-22.716
-28.949,15.55,24.981,-25.73,-28.924,21.292,-4.2435,-28.306
-33.449,-1.3002,11.507,-11.38,31.486,22.208,33.477,-7.0219
38.545,-2.2882,-35.487,-20.679,16.747,45.226,-11.04,-5.5293
0.36211,-8.3521,-18.102,-39.799,-52.736,-22.57,6.9192,-11.579
44.621,37.442,-2.6825,-18.877,24.122,-49.806,1.6622,27.76
22.961,6.0159,-32.186,-15.72,25.209,49.408,-4.4179,-2.1312
-5.7113,-21.69,19.558,-31.28,34.052,15.536,31.539,-1.3893
30.837,-5.9389,24.107,-43.53,-35.131,6.9896,-2.526,15.155
5.8834,-72.101,-41.863,-10.823,-29.448,-3.1942,4.6917,-0.14151
28.924,-9.7273,46.353,23.398,-9.9902,28.115,-21.673,1.8515
-16.705,-63.944,-23.435,16.305,-2.7992,-16.338,2.6975,3.369
-44.353,-7.8996,-8.3463,20.805,0.82139,2.9059,-21.991,-19.5
-31.793,9.144,-19.041,21.892,17.749,8.2603,-32.737,-38.629
-47.664,-14.605,-5.8059,37.417,4.4486,-11.718,-16.402,-16.067
3.7397,7.0214,39.456,45.695,-21.146,-13.572,37.548,13.991
35.909,-11.46,-13.618,47.246,2.6765,27.466,17.83,40.299
-23.796,-65.522,-17.526,13.874,-1.0217,-18.306,-6.6828,10.201
0.93428,20.954,1.1899,-1.0832,20.11,23.689,-0.012584,25.694
-7.2901,27.248,-1.2364,-15.034,25.955,13.431,30.348,25.942
-30.22,16.168,-17.306,6.9467,10.054,4.0996,-15.141,39.268
41.449,14.825,-23.778,-11.846,39.698,7.5155,-31.643,-16.73
-6.3219,-79.336,-41.786,6.8085,-13.099,-13.183,15.965,5.715
19.592,-28.107,24.521,0.39146,24.616,-63.737,-21.497,-6.7544
27.918,49.27,-38.733,15.926,-7.0387,-25.634,6.4148,-43.616
2.5576,34.222,-15.989,-15.885,19.321,17.519,-4.004,28.377
-28.611,-65.064,-15.228,33.239,3.4626,-20.467,6.6476,3.2406
33.618,-7.4425,56.47,34.166,-15.31,13.436,-20.977,-7.5908
-36.868,14.548,-24.909,31.742,15.374,17.34,-41.605,-9.0882
37.281,-14.907,38.459,7.8071,19.597,19.804,-36.825,-10.741
13.652,-71.373,-48.888,-6.5509,-36.698,4.2807,3.9436,0.8679
13.197,13.536,44.947,35.159,-23.23,-14.833,32.38,5.5777
-3.3922,4.0376,12.677,-2.6055,23.082,-19.21,32.482,-16.543
31.479,52.02,-49.949,20.532,-9.0882,-12.256,17.395,-29.399
-12.332,-76.058,-19.529,10.812,9.9167,-17.564,-8.007,14.49
40.641,1.2707,13.521,10.463,31.355,9.1605,-36.832,-25.748
10.467,9.2446,41.523,27.858,-29.378,9.246,6.6074,4.0277
16.066,-27.399,-9.4269,-12.724,23.603,-43.407,-7.1013,-16.383
15.871,-26.148,29.998,-1.4522,16.263,-55.95,-29.224,1.7891
-27.992,19.946,-22.967,9.6008,4.5595,12.498,-16.471,54.859
-9.4603,15.417,42.418,23.87,-29.163,-27.239,-29.4,6.5632
34.096,0.63536,3.8334,4.6605,48.245,10.046,-28.624,-21.494
17.556,31.626,-28.038,18.874,-16.245,-33.188,38.412,-46.472
21.724,33.609,-40.806,49.936,-21.164,6.104,18.086,5.5126
19.444,16.942,51.802,39.212,-7.8631,-15.065,31.358,-1.0782
-10.187,39.992,-37.863,40.164,-16.308,10.52,17.136,24.306
-0.076097,15.53,40.03,15.27,-27.665,-26.169,-33.95,15.63
27.322,-8.9565,-7.4904,44.984,12.608,27.212,25.242,38.791
-35.326,4.3614,-30.042,36.835,17.131,5.2035,-31.024,-33.247
-0.24799,27.983,-3.2402,23.467,-39.138,11.959,-18.504,9.5008
